141
95 103 3.5
95 104 2
95 96 3.5
95 105 5.5
95 55 1
95 107 3.5
95 113 3.5
95 108 2
95 93 3.5
96 95 3.5
96 106 3
96 69 6
96 99 4.5
97 42 2
97 43 4
97 46 4.5
97 47 2
65 66 2
65 67 2
65 68 4.5
65 8 9.5
65 10 4
69 72 3.5
69 71 4
69 73 4
69 115 9
69 116 3
69 70 1
69 94 7
69 96 6
69 92 7
69 113 6
69 108 7.5
69 93 8
46 97 4.5
46 42 5.5
46 48 4.5
46 43 3.5
47 97 2
47 42 2.5
47 49 4.5
47 44 3
48 45 5
48 42 5
48 46 4.5
48 77 3.5
48 50 5
48 44 5.5
129 124 5
129 120 4
129 125 5
129 133 2
130 134 2.5
130 119 4.5
130 124 5.5
130 120 4.5
130 125 6.5
130 128 6
130 118 4
130 133 3.5
75 74 4
75 23 4
76 79 4.5
76 25 7
76 80 4
76 74 6.5
76 43 6
131 124 5
131 134 3
131 135 2
131 128 5.5
131 121 2
131 122 3.5
131 133 2
77 25 4.5
77 79 3
77 80 2.5
77 48 3.5
77 74 2
77 43 10.5
77 139 12.5
77 78 7.5
132 135 4.5
132 128 2
132 121 5.5
132 122 8
132 133 7.5
78 79 3.5
78 82 2
78 49 8
78 77 7.5
78 2 2
78 50 6
78 24 4.5
78 4 8.5
133 123 3
133 129 2
133 135 5
133 130 3.5
133 127 7
133 121 4
133 131 2
133 132 7.5
134 135 4
134 127 5
134 130 2.5
134 123 5
134 131 3
79 25 7.5
79 81 3.5
79 76 4.5
79 74 3
79 77 3
79 3 3
79 78 3.5
79 23 3
91 41 1
98 41 1
80 82 6
80 76 4
80 2 6
80 77 2.5
80 50 9
80 4 11.5
80 24 8.5
70 69 1
99 96 4.5
99 104 2
99 107 4.5
99 113 3.5
99 108 4
99 93 4.5
100 72 6.5
100 71 6
100 73 5
100 123 4
100 31 5
100 13 4
100 103 2
100 104 3.5
100 105 2
100 107 2
100 113 3
100 108 3.5
100 93 3
100 36 3
101 110 3
101 106 2
101 89 3
101 112 3
86 107 6
86 89 5
86 113 6
86 108 5.5
86 85 2.5
86 93 6
6 37 6
6 7 2
102 110 3
102 106 2
102 89 3
102 112 3
87 109 8.5
87 88 2
87 85 2
88 87 2
88 107 3.5
88 113 3.5
88 108 3
88 85 4
88 93 3.5
7 37 3
7 6 2
7 33 2
7 34 3
7 35 3
8 17 4
8 140 2
8 11 6
8 65 9.5
9 66 4.5
9 11 2
9 141 7
9 21 3.5
9 22 4.5
9 139 4
10 17 3.5
10 140 4.5
10 11 2.5
10 65 4
11 8 6
11 9 2
11 10 2.5
49 141 5
49 52 3
49 50 2
49 51 2
49 5 9
49 81 4
49 42 2
49 2 6
49 78 8
49 15 5
49 3 3.5
49 47 4.5
49 139 4
49 44 2.5
50 80 9
50 68 2
50 48 5
50 49 2
50 43 2
50 2 4
50 78 6
50 4 6.5
51 49 2
51 139 6
90 104 7.5
90 105 8
90 106 3
90 57 7
90 103 5
135 124 8
135 134 4
135 126 2
135 125 8
135 131 2
135 132 4.5
135 133 5
81 79 3.5
81 49 4
82 80 6
82 78 2
71 100 6
71 84 13.5
71 69 4
89 109 2
89 101 3
89 86 5
89 102 3
89 85 6.5
103 58 1
103 95 3.5
103 114 2
103 115 2
103 116 10
103 94 5
103 90 5
103 100 2
103 54 1
103 92 6
103 106 4
103 56 2
103 57 2
103 53 1
104 114 2.5
104 95 2
104 115 2.5
104 90 7.5
104 94 4.5
104 99 2
104 100 3.5
104 106 6.5
104 56 2.5
105 114 4
105 95 5.5
105 116 6
105 90 8
105 94 5
105 100 2
105 106 6
105 92 3
105 56 4
106 103 4
106 96 3
106 104 6.5
106 109 2
106 101 2
106 105 6
106 60 1
106 111 1
106 102 2
106 61 1
106 83 4
106 59 1
106 90 3
106 121 4
106 62 3
106 122 5.5
107 18 4.5
107 95 3.5
107 141 4
107 12 8
107 99 4.5
107 100 2
107 86 6
107 62 7
107 88 3.5
107 139 8
108 18 5
108 95 2
108 141 4.5
108 99 4
108 100 3.5
108 86 5.5
108 69 7.5
108 62 7.5
108 88 3
108 139 7.5
74 79 3
74 75 4
74 76 6.5
74 77 2
52 42 4
52 49 3
52 139 8
52 44 5.5
20 17 2
20 139 5
21 17 2.5
21 140 2.5
21 18 3
21 19 3
21 9 3.5
21 13 5.5
22 17 3.5
22 140 3.5
22 18 3
22 9 4.5
22 19 2
22 13 6.5
85 86 2.5
85 87 2
85 89 6.5
85 88 4
109 110 2
109 106 2
109 87 8.5
109 89 2
109 112 2
92 105 3
92 69 7
92 103 6
33 37 3
33 38 2
33 39 4
33 7 2
33 36 4
42 67 6.5
42 48 5
42 49 2
42 52 4
42 97 2
42 46 5.5
42 43 3
42 47 2.5
34 38 2
34 39 3
34 7 3
34 31 2
34 36 2
43 45 3
43 50 2
43 97 4
43 76 6
43 42 3
43 77 10.5
43 46 3.5
43 44 2.5
35 38 2
35 39 3
35 7 3
35 36 3
36 37 3
36 38 2
36 141 3
36 39 3
36 100 3
36 33 4
36 34 2
36 35 3
36 139 7
41 91 1
41 98 1
13 100 4
13 12 2
13 21 5.5
13 22 6.5
13 68 3
13 123 4
1 2 4.5
1 3 3
1 4 6
136 138 2
136 137 3.5
2 5 3
2 80 6
2 28 9.5
2 1 4.5
2 49 6
2 3 2.5
2 78 2
2 30 9.5
2 50 4
3 25 6.5
3 79 3
3 5 5.5
3 1 3
3 2 2.5
3 49 3.5
3 23 5
4 5 4.5
4 80 11.5
4 1 6
4 78 8.5
4 50 6.5
4 24 4
110 109 2
110 101 3
110 102 3
111 106 1
112 109 2
112 101 3
112 102 3
53 103 1
37 6 6
37 39 2
37 33 3
37 7 3
37 36 3
38 40 5
38 141 3
38 39 2
38 67 3.5
38 31 2
38 32 3
38 33 2
38 34 2
38 35 2
38 139 2
38 36 2
39 37 2
39 140 2
39 38 2
39 68 4
39 31 3
39 63 2.5
39 32 2
39 33 4
39 34 3
39 35 3
39 36 3
5 2 3
5 49 9
5 3 5.5
5 4 4.5
126 135 2
126 121 8
72 100 6.5
72 84 7
72 69 3.5
73 100 5
73 84 7.5
73 69 4
117 121 2.5
117 123 2.5
117 122 2
54 103 1
55 95 1
56 104 2.5
56 105 4
56 103 2
113 18 4.5
113 95 3.5
113 141 4
113 99 3.5
113 100 3
113 86 6
113 69 6
113 62 7
113 88 3.5
113 139 5
118 130 4
118 121 2.5
118 123 3.5
139 12 4
139 137 20.5
139 107 8
139 113 5
139 108 7.5
139 9 4
139 36 7
139 17 3
139 140 2
139 38 2
139 141 4
139 68 8
139 49 4
139 52 8
139 63 3.5
139 51 6
139 125 9
139 20 5
139 77 12.5
139 93 7
57 90 7
57 103 2
140 141 4
140 21 2.5
140 39 2
140 22 3.5
140 8 2
140 139 2
140 10 4.5
58 103 1
141 140 4
141 38 3
141 12 10
141 49 5
141 63 3.5
141 107 4
141 113 4
141 108 4.5
141 9 7
141 93 4
141 139 4
141 36 3
59 106 1
67 38 3.5
67 12 3.5
67 68 2.5
67 123 2.5
67 65 2
67 64 2
67 42 6.5
67 44 5
68 40 2
68 66 2.5
68 65 4.5
68 39 4
68 64 2.5
68 67 2.5
68 139 8
68 50 2
68 13 3
31 100 5
31 38 2
31 39 3
31 34 2
32 38 3
32 39 2
14 25 2.5
14 23 2
14 16 2
93 18 3.5
93 95 3.5
93 141 4
93 99 4.5
93 100 3
93 86 6
93 69 8
93 62 9
93 88 3.5
93 139 7
15 49 5
15 23 4.5
15 16 7.5
16 14 2
16 15 7.5
12 17 5
12 18 4.5
12 141 10
12 67 3.5
12 13 2
12 107 8
12 121 5
12 139 4
23 79 3
23 27 2
23 29 4
23 24 5
23 26 3
23 75 4
23 14 2
23 15 4.5
23 3 5
137 138 2.5
137 136 3.5
137 29 2
137 139 20.5
24 80 8.5
24 28 2
24 23 5
24 30 2
24 25 6.5
24 26 3
24 78 4.5
24 4 4
138 136 2
138 30 2.5
138 137 2.5
25 79 7.5
25 27 3.5
25 29 5.5
25 24 6.5
25 26 4.5
25 76 7
25 14 2.5
25 77 4.5
25 3 6.5
26 25 4.5
26 23 3
26 24 3
60 106 1
61 106 1
40 38 5
40 68 2
114 104 2.5
114 105 4
114 103 2
119 127 7
119 130 4.5
119 121 3
119 123 3
94 104 4.5
94 105 5
94 69 7
94 103 5
120 130 4.5
120 121 3
120 123 2
120 129 4
62 106 3
62 107 7
62 113 7
62 108 7.5
62 93 9
121 12 5
121 119 3
121 117 2.5
121 123 4
121 124 2
121 120 3
121 125 2
121 126 8
121 106 4
121 118 2.5
121 131 2
121 132 5.5
121 133 4
122 106 5.5
122 117 2
122 123 2.5
122 131 3.5
122 132 8
66 65 2
66 68 2.5
66 9 4.5
64 67 2
64 68 2.5
83 84 2.5
83 106 4
44 67 5
44 48 5.5
44 43 2.5
44 49 2.5
44 52 5.5
44 47 3
45 48 5
45 43 3
17 18 2.5
17 12 5
17 19 2.5
17 20 2
17 21 2.5
17 22 3.5
17 8 4
17 139 3
17 10 3.5
84 72 7
84 71 13.5
84 73 7.5
84 83 2.5
27 25 3.5
27 23 2
18 17 2.5
18 12 4.5
18 21 3
18 107 4.5
18 22 3
18 113 4.5
18 108 5
18 93 3.5
115 104 2.5
115 69 9
115 103 2
28 2 9.5
28 24 2
116 105 6
116 69 3
116 103 10
29 25 5.5
29 23 4
29 30 3
29 137 2
123 134 5
123 67 2.5
123 119 3
123 117 2.5
123 13 4
123 100 4
123 124 2
123 120 2
123 125 2
123 121 4
123 118 3.5
123 122 2.5
123 133 3
30 138 2.5
30 29 3
30 2 9.5
30 24 2
19 17 2.5
19 21 3
19 22 2
63 141 3.5
63 39 2.5
63 139 3.5
124 135 8
124 130 5.5
124 121 2
124 131 5
124 123 2
124 129 5
125 135 8
125 130 6.5
125 121 2
125 123 2
125 139 9
125 129 5
127 134 5
127 128 2.5
127 119 7
127 133 7
128 127 2.5
128 130 6
128 131 5.5
128 132 2
-1
