161
119 89 3
119 115 2
119 158 2
120 3 12
120 118 2
113 151 4.5
113 114 2
113 124 5
114 113 2
114 18 3
114 19 2
114 124 2
53 46 3.5
53 52 3.5
84 27 2
84 28 2
15 17 6.5
15 85 2
15 30 7.5
15 18 2.5
16 30 3
16 19 2
17 15 6.5
17 52 2
18 15 2.5
18 52 6
18 114 3
18 48 9.5
19 52 5
19 16 2
19 114 2
19 70 15.5
150 129 5
150 149 2
131 101 2
131 102 6
131 95 6.5
131 60 4
131 92 2
131 93 2
131 135 2
131 94 2.5
131 9 3.5
131 62 6
121 3 1
122 3 1
123 3 1
54 138 1
54 27 2
54 28 2
138 54 1
132 101 2.5
132 134 2
132 9 2
132 62 5.5
132 135 2.5
132 10 3
132 136 2.5
132 94 2
133 89 1
134 132 2
134 59 4
134 57 4
134 58 3.5
135 132 2.5
135 89 8.5
135 60 2
135 131 2
136 132 2.5
136 60 3
151 113 4.5
151 152 2
152 151 2
152 70 4
152 78 2
148 58 1
38 27 1
147 142 1
97 90 3
97 96 12.5
97 9 3.5
97 10 2.5
97 34 22
97 35 19.5
32 89 11
32 3 2
32 37 6.5
32 128 5
33 89 12
33 36 4
33 3 10
33 37 4.5
33 158 14
33 128 4
34 89 15.5
34 61 11
34 92 17
34 36 10.5
34 37 2
34 97 22
34 58 12
34 128 4.5
143 28 1
35 101 16.5
35 92 18.5
35 89 15
35 140 15.5
35 61 10.5
35 63 10
35 105 2
35 3 8
35 97 19.5
35 37 2.5
35 128 7
49 24 10
49 21 2
49 89 11.5
49 96 12.5
49 61 2
49 62 2
49 63 2.5
49 48 7
49 64 2.5
49 36 2.5
49 3 4.5
49 37 6
144 27 2
144 28 2
14 100 1
145 27 1
146 27 2
146 28 2
40 126 1
41 126 1
42 126 1
112 109 2
112 110 2
112 100 3
112 111 2
43 126 1
130 103 5
130 107 2
130 108 2
44 126 1
45 126 1
46 52 2
46 53 3.5
107 130 2
107 100 5
108 104 9
108 130 2
108 100 2
109 28 2
109 103 2
109 112 2
109 153 2
110 28 2
110 103 2
110 112 2
66 65 1
111 28 2
111 103 2
111 112 2
156 155 1
156 55 1
67 74 1
29 52 1
30 15 7.5
30 52 2
30 16 3
68 65 9.5
68 73 2
69 74 1
137 27 2
137 28 2
137 11 1
36 33 4
36 34 10.5
36 149 6
36 49 2.5
37 32 6.5
37 33 4.5
37 34 2
37 149 2.5
37 49 6
37 35 2.5
72 79 2
72 75 2.5
72 125 2
72 77 5.5
72 80 1
72 82 1
72 83 2
72 126 2
72 70 7.5
72 48 3.5
72 98 2
73 75 2.5
73 70 7.5
73 77 5.5
73 48 6.5
73 68 2
73 71 2
100 101 4
100 102 2
100 28 2
100 107 5
100 108 2
100 153 2
100 14 1
100 1 1
100 112 3
100 20 1
100 25 1
74 75 2
74 67 1
74 77 7
74 69 1
101 132 2.5
101 89 8.5
101 10 5.5
101 35 16.5
101 106 2
101 131 2
101 100 4
75 74 2
75 51 2
75 48 5
75 72 2.5
75 73 2.5
102 89 12.5
102 60 8
102 104 2
102 94 8.5
102 100 2
102 131 6
12 60 3
12 161 2
12 57 3.5
12 58 2
103 27 3
103 154 1
103 109 2
103 110 2
103 111 2
103 26 1
103 104 2
103 105 15.5
103 106 3
103 130 5
76 50 2
76 47 2
76 78 2
13 59 2
13 160 7
77 74 7
77 50 2
77 47 5
77 70 2
77 72 5.5
77 73 5.5
78 152 2
78 76 2
20 100 1
124 113 5
124 114 2
124 47 16.5
124 70 14.5
89 119 3
89 95 2
89 92 4.5
89 32 11
89 33 12
89 34 15.5
89 94 7
89 49 11.5
89 35 15
89 61 12.5
89 106 9.5
89 57 15
89 58 13.5
89 101 8.5
89 24 11.5
89 59 15
89 102 12.5
89 133 1
89 60 9.5
89 135 8.5
89 160 11
89 21 10.5
89 23 2
89 7 13.5
89 140 13.5
89 2 6
89 116 2.5
89 117 1
89 118 2
155 156 1
90 24 9
90 7 4
90 92 6
90 97 3
91 2 1
47 79 11.5
47 50 5
47 125 9.5
47 76 2
47 77 5
47 83 11.5
47 124 16.5
47 126 11.5
47 61 2
47 62 3
47 39 7
47 63 3.5
47 64 3.5
47 98 9.5
104 102 2
104 103 2
104 108 9
104 161 2
48 75 5
48 50 2
48 18 9.5
48 49 7
48 51 2
48 126 8.5
48 127 2.5
48 39 3
48 86 2
48 72 3.5
48 73 6.5
105 103 15.5
105 35 2
106 101 2
106 89 9.5
106 103 3
106 160 4.5
25 100 1
79 47 11.5
79 72 2
80 88 1
80 72 1
81 65 1
82 72 1
83 47 11.5
83 72 2
139 58 1
140 89 13.5
140 59 4.5
140 60 3
140 96 11.5
140 35 15.5
140 57 3.5
140 58 3
39 47 7
39 70 4
39 48 3
39 99 1
95 89 2
95 131 6.5
92 89 4.5
92 90 6
92 96 4.5
92 34 17
92 35 18.5
92 131 2
88 80 1
93 24 15
93 131 2
94 132 2
94 89 7
94 59 8
94 102 8.5
94 57 8
94 131 2.5
94 58 7.5
157 118 1
158 119 2
158 33 14
158 116 2.5
158 118 2
158 58 16.5
26 103 1
159 118 1
31 58 1
98 47 9.5
98 70 9.5
98 72 2
128 129 2
128 32 5
128 33 4
128 34 4.5
128 35 7
11 137 1
27 54 2
27 103 3
27 144 2
27 145 1
27 146 2
27 137 2
27 38 1
27 84 2
27 141 2
129 128 2
129 150 5
28 54 2
28 6 1
28 143 1
28 109 2
28 144 2
28 110 2
28 111 2
28 146 2
28 137 2
28 84 2
28 100 2
28 141 2
28 142 1
21 89 10.5
21 49 2
22 2 1
23 89 2
23 96 2
7 59 10.5
7 89 13.5
7 90 4
7 96 13.5
7 8 1
7 9 3.5
7 10 3.5
7 57 11.5
7 58 11
1 100 1
96 60 9.5
96 92 4.5
96 115 7
96 160 10
96 49 12.5
96 23 2
96 7 13.5
96 140 11.5
96 61 11.5
96 2 7
96 97 12.5
96 118 5
8 7 1
9 5 5.5
9 132 2
9 7 3.5
9 97 3.5
9 131 3.5
85 15 2
85 87 1
85 70 14
85 86 2
10 101 5.5
10 132 3
10 7 3.5
10 97 2.5
86 85 2
86 70 8
86 48 2
141 27 2
141 28 2
87 85 1
125 47 9.5
125 127 2
125 72 2
70 124 14.5
70 57 6.5
70 98 9.5
70 72 7.5
70 58 2
70 73 7.5
70 59 6.5
70 50 4
70 60 5
70 77 2
70 19 15.5
70 152 4
70 126 9.5
70 85 14
70 39 4
70 86 8
55 156 1
55 64 1
56 61 3
56 62 2
56 63 2.5
57 134 4
57 12 3.5
57 94 8
57 7 11.5
57 89 15
57 140 3.5
57 70 6.5
57 62 3.5
57 63 4
57 65 3.5
58 115 17.5
58 34 12
58 94 7.5
58 158 16.5
58 89 13.5
58 61 2
58 70 2
58 62 2
58 63 3.5
58 64 2.5
58 31 1
58 65 2
58 12 2
58 134 3.5
58 139 1
58 7 11
58 140 3
58 148 1
59 134 4
59 13 2
59 94 8
59 7 10.5
59 89 15
59 140 4.5
59 62 3.5
59 70 6.5
59 65 5.5
24 89 11.5
24 90 9
24 93 15
24 49 10
24 4 2
60 102 8
60 12 3
60 135 2
60 136 3
60 131 4
60 89 9.5
60 5 2
60 140 3
60 96 9.5
60 62 3
60 70 5
60 65 4
50 76 2
50 47 5
50 70 4
50 77 2
50 48 2
6 28 1
160 89 11
160 96 10
160 13 7
160 106 4.5
153 109 2
153 100 2
71 65 14.5
71 73 2
126 40 1
126 41 1
126 70 9.5
126 47 11.5
126 42 1
126 48 8.5
126 43 1
126 44 1
126 45 1
126 72 2
127 125 2
127 48 2.5
2 89 6
2 91 1
2 96 7
2 3 2
2 22 1
3 32 2
3 120 12
3 33 10
3 49 4.5
3 35 8
3 121 1
3 2 2
3 122 1
3 4 3.5
3 123 1
142 28 1
142 147 1
4 24 2
4 3 3.5
99 39 1
115 119 2
115 96 7
115 118 3
115 58 17.5
51 75 2
51 48 2
61 34 11
61 49 2
61 35 10.5
61 89 12.5
61 96 11.5
61 47 2
61 56 3
61 58 2
62 132 5.5
62 59 3.5
62 60 3
62 49 2
62 131 6
62 47 3
62 56 2
62 57 3.5
62 58 2
63 47 3.5
63 56 2.5
63 49 2.5
63 35 10
63 57 4
63 58 3.5
161 12 2
161 104 2
64 47 3.5
64 55 1
64 49 2.5
64 58 2.5
65 59 5.5
65 60 4
65 68 9.5
65 81 1
65 57 3.5
65 71 14.5
65 66 1
65 58 2
52 46 2
52 17 2
52 29 1
52 53 3.5
52 30 2
52 18 6
52 19 5
154 103 1
5 60 2
5 9 5.5
149 36 6
149 37 2.5
149 150 2
117 89 1
116 89 2.5
116 158 2.5
118 159 1
118 89 2
118 120 2
118 96 5
118 115 3
118 157 1
118 158 2
-1
