79
51 66 4.5
51 58 4
51 52 3.5
51 40 14.5
52 51 3.5
52 63 2
52 58 3.5
52 64 2.5
77 37 8
77 3 18.5
77 38 2.5
77 78 2
77 79 2
77 39 12
77 28 2
41 45 2
41 39 2
41 40 2
16 20 3
16 2 4.5
16 3 7.5
78 29 2
78 31 4
78 32 4.5
78 33 4
78 77 2
78 79 2
78 37 5
78 19 4
42 45 2
42 39 2
42 40 2
69 73 1
43 39 2
43 40 2.5
70 39 1
47 57 3
47 46 2.5
47 53 2.5
47 48 2
48 54 2
48 55 2
48 47 2
1 31 2
1 32 5.5
1 15 1
71 72 2
71 62 7
71 7 9
44 39 2
44 40 3.5
72 7 6
72 71 2
57 63 2
57 58 2.5
57 47 3
57 50 3
46 66 2.5
46 56 2
46 47 2.5
46 59 2
58 51 4
58 57 2.5
58 52 3.5
58 65 4
58 59 3
45 41 2
45 39 2
45 42 2
45 40 2.5
79 77 2
79 78 2
79 39 13
7 72 6
7 40 2
7 8 2.5
7 71 9
8 39 2
8 11 7
8 7 2.5
11 23 17
11 6 4
11 12 2
11 8 7
11 59 16
11 13 3.5
19 20 2
19 18 5
19 78 4
28 30 4
28 14 1
28 29 2
28 77 2
28 75 5
28 34 1
28 76 2
20 62 22.5
20 16 3
20 19 2
21 9 1
67 60 2.5
67 68 2
22 60 10
22 23 4
22 10 2
29 30 3
29 31 2
29 38 2.5
29 32 2.5
29 33 2
29 78 2
29 28 2
68 67 2
68 53 2.5
68 50 2
73 74 2
73 75 2
73 39 13
73 69 1
74 39 10
74 76 7
74 73 2
17 37 2
17 18 2
62 20 22.5
62 63 2
62 64 5.5
62 49 2
62 71 7
62 59 4.5
18 17 2
18 37 4
18 19 5
2 3 3
2 16 4.5
2 4 4
35 37 5
35 36 8
3 2 3
3 36 2.5
3 77 18.5
3 16 7.5
3 12 3.5
3 4 2
36 35 8
36 3 2.5
12 23 14
12 3 3.5
12 24 16
12 5 1
12 11 2
12 13 2.5
49 62 2
49 50 6
13 11 3.5
13 12 2.5
37 35 5
37 17 2
37 18 4
37 38 5.5
37 77 8
37 78 5
38 29 2.5
38 37 5.5
38 77 2.5
31 29 2
31 1 2
31 78 4
32 29 2.5
32 1 5.5
32 78 4.5
63 60 4.5
63 55 5.5
63 62 2
63 57 2
63 52 2
63 53 2.5
63 65 3.5
33 29 2
33 78 4
64 54 2
64 62 5.5
64 55 2
64 56 4
64 52 2.5
64 65 4
34 28 1
54 64 2
54 48 2
23 22 4
23 24 2
23 27 2
23 25 3
23 26 2
23 11 17
23 12 14
55 63 5.5
55 64 2
55 48 2
24 23 2
24 10 3
24 12 16
56 46 2
56 64 4
75 76 2
75 28 5
75 73 2
76 74 7
76 75 2
76 28 2
4 2 4
4 3 2
50 68 2
50 57 3
50 49 6
50 65 2.5
9 21 1
9 60 5
9 61 3
9 10 2
9 6 16
5 12 1
10 22 2
10 24 3
10 25 2
10 26 3
10 9 2
10 59 9
10 65 6
6 9 16
6 11 4
59 66 2.5
59 60 2
59 62 4.5
59 61 5
59 46 2
59 58 3
59 11 16
59 10 9
30 29 3
30 28 4
60 66 4.5
60 22 10
60 67 2.5
60 63 4.5
60 9 5
60 65 3
60 59 2
61 9 3
61 59 5
25 23 3
25 10 2
26 23 2
26 27 3
26 10 3
53 68 2.5
53 63 2.5
53 47 2.5
65 66 2.5
65 60 3
65 63 3.5
65 64 4
65 58 4
65 10 6
65 50 2.5
66 60 4.5
66 51 4.5
66 46 2.5
66 65 2.5
66 59 2.5
14 28 1
27 23 2
27 26 3
15 1 1
39 77 12
39 41 2
39 45 2
39 79 13
39 42 2
39 43 2
39 8 2
39 70 1
39 73 13
39 74 10
39 40 2.5
39 44 2
40 51 14.5
40 41 2
40 45 2.5
40 42 2
40 7 2
40 43 2.5
40 39 2.5
40 44 3.5
-1
