315
251 7 2.5
251 254 2
251 295 6.5
251 220 8
251 5 8.5
251 253 2
251 258 4
251 252 2
251 256 2
251 255 4
251 65 9
11 7 2
11 5 8
157 166 4.5
157 91 3
157 156 2
157 220 4
17 5 8
17 7 2
17 3 2
17 4 3
17 26 2
17 6 2
107 94 3
107 96 3
107 97 3
107 164 2
107 98 2
310 313 3
310 312 2
310 308 2
310 220 2.5
310 219 2.5
310 307 3
310 218 2.5
300 295 1
104 94 2
104 96 2
104 164 3
104 97 2
104 98 3
249 242 2
249 241 2
153 151 2
153 50 2
153 156 2.5
153 128 1
153 162 9.5
154 163 9
154 50 8
154 156 4.5
154 162 7.5
236 218 1
158 159 5
158 192 2
194 5 7
194 195 2.5
194 193 9.5
194 276 8.5
194 196 3
194 6 16
237 36 1
296 252 6.5
296 297 3
296 295 2
296 54 5.5
296 298 2
296 302 6
131 91 4.5
131 2 2
131 132 4
131 160 1
43 34 2
43 35 2
232 219 2.5
232 220 2.5
232 218 2.5
126 53 1
211 199 3
211 197 2
211 198 3
150 137 3.5
150 138 2
61 143 1
215 216 2.5
215 277 2.5
215 275 2.5
230 220 1
206 199 3
206 197 2
206 198 3
115 34 7.5
115 94 3
115 96 3
115 97 3
115 76 6.5
115 164 4
115 98 4
6 7 2
6 254 2.5
6 10 2
6 18 2
6 23 2
6 3 2
6 15 2
6 193 7.5
6 16 3.5
6 17 2
6 27 2
6 21 4.5
6 99 2
6 20 2
6 194 16
6 110 6
6 24 2
6 97 4
6 4 2
6 12 2.5
6 14 2
6 13 2
6 5 9
6 253 5.5
6 25 2
6 9 3
6 26 3
6 8 3.5
7 251 2.5
7 10 2
7 23 2
7 11 2
7 193 7.5
7 3 2
7 15 2
7 17 2
7 16 2.5
7 27 3
7 21 2.5
7 20 2
7 24 3
7 97 7
7 4 2
7 94 4
7 12 2.5
7 14 2
7 13 2
7 5 9
7 25 2
7 26 2
7 9 2
7 8 2.5
7 6 2
145 136 2
145 135 2
145 137 3
145 138 2.5
18 3 2
18 6 2
116 94 3
116 96 3
116 164 2
116 97 3
116 98 2
3 7 2
3 10 2
3 18 2
3 23 2
3 15 2
3 16 2.5
3 17 2
3 164 6
3 98 4
3 27 3
3 155 1
3 19 1
3 24 3
3 12 2.5
3 13 2
3 14 2
3 5 8
3 253 2.5
3 25 2
3 9 2
3 26 2
3 8 2.5
3 6 2
108 94 3
108 96 3
108 164 2
108 97 3
108 106 5
108 98 2
108 226 15.5
307 309 3
307 315 3
307 311 4
307 304 3
307 305 3
307 310 3
307 314 3
307 306 2
72 62 2
72 67 2
72 64 2
72 63 2
72 65 2
72 66 2
81 62 2
81 67 3
81 64 2
81 63 2
81 65 2
81 66 2
19 3 1
311 308 3
311 220 2.5
311 219 2.5
311 307 4
311 218 2.5
242 200 9
242 250 2
242 246 1
242 241 2
242 66 6.5
242 249 2
242 244 2
242 248 2
242 243 2
242 245 2
242 64 9.5
37 184 3
37 46 5
37 35 2
37 47 2
37 32 2
37 45 2
37 31 2
37 42 2
37 185 3.5
37 33 2
37 36 2
37 223 4
37 38 1
37 39 2
37 40 2
37 44 2
250 242 2
250 241 2
35 219 4
35 42 2
35 165 6.5
35 65 8
35 40 2
35 39 2
35 37 2
35 44 2
35 43 2
35 94 5.5
35 46 5
35 34 2
35 47 2
35 32 2
35 45 2
35 31 2
35 33 2
35 187 2
35 36 2
295 251 6.5
295 297 3
295 54 5.5
295 299 2
295 261 2
295 300 1
295 292 6.5
295 53 5.5
295 298 2
295 262 3
295 296 2
295 302 8
63 54 5
63 89 2
63 82 2
63 74 3
63 66 2
63 72 2
63 87 2
63 71 2
63 81 2
63 67 2
63 84 2
63 90 2
63 76 3
63 97 5.5
63 75 2
63 65 2
63 77 2
63 88 2
63 166 8.5
63 62 2
63 268 5.5
63 53 8
63 69 2
63 36 8
63 70 2
63 78 2
63 79 2
63 73 2
63 80 2
189 184 2
189 185 4.5
174 166 3.5
174 165 2.5
174 167 2.5
174 168 2.5
174 176 2
216 215 2.5
216 276 2
265 260 1
26 7 2
26 10 2
26 23 2
26 3 2
26 15 2
26 16 2
26 17 2
26 27 2
26 24 2
26 4 3
26 12 3.5
26 14 2
26 13 2
26 25 2
26 9 2
26 8 2
26 6 3
217 220 2
217 218 3
54 57 2
54 125 1
54 52 2
54 60 2
54 295 5.5
54 63 5
54 59 2
54 55 2
54 56 2
54 53 3
54 97 13.5
54 296 5.5
54 58 2
122 94 3
122 96 3
122 97 3
122 164 2
122 98 2
109 94 3
109 96 3
109 97 2
109 164 3
109 98 2
312 309 2
312 304 2
312 305 2
312 310 2
312 306 2
312 314 2
50 151 5
50 154 8
50 51 2
50 153 2
82 46 13
82 63 2
82 83 5
279 274 3
279 277 3
279 275 3
279 276 3
98 203 9
98 96 2
98 109 2
98 122 2
98 116 2
98 103 2
98 3 4
98 108 2
98 107 2
98 137 4.5
98 104 3
98 123 2
98 186 6.5
98 110 2
98 124 3
98 68 1
98 97 2
98 111 4.5
98 120 3
98 93 2
98 62 5.5
98 94 2
98 105 3
98 95 2
98 112 3
98 113 3
98 100 2
98 114 2
98 101 2
98 115 4
98 121 3.5
98 102 2
83 65 4
83 82 5
137 136 3
137 200 12.5
137 94 5.5
137 143 4
137 142 4
137 145 3
137 141 4
137 164 6.5
137 98 4.5
137 139 3
137 140 2.5
137 150 3.5
137 135 3
137 144 4
74 63 3
74 65 2
138 136 2.5
138 200 12
138 94 5
138 143 2.5
138 142 3.5
138 145 2.5
138 141 3.5
138 139 2.5
138 150 2
138 140 2
138 135 2.5
138 144 2.5
66 168 11.5
66 261 3.5
66 89 2
66 86 1
66 165 8.5
66 72 2
66 71 2
66 135 6
66 81 2
66 67 2
66 242 6.5
66 90 2
66 64 2
66 76 3
66 97 7.5
66 75 2
66 65 2
66 77 2
66 88 2
66 62 2
66 94 5.5
66 63 2
66 53 5
66 69 2
66 70 2
66 78 2
66 79 2
66 73 2
66 80 2
117 96 2
117 97 2
20 5 10
20 7 2
20 6 2
84 63 2
84 65 2
110 94 2
110 96 2
110 164 3
110 97 2
110 98 2
110 6 6
256 251 2
256 252 3
64 89 2
64 66 2
64 72 2
64 71 2
64 81 2
64 67 2
64 242 9.5
64 277 12
64 76 3
64 90 2
64 97 5.5
64 65 2
64 75 2
64 77 2
64 88 2
64 62 2
64 267 6
64 275 11
64 69 2
64 79 2
64 70 2
64 78 3
64 73 2
64 80 2
65 251 9
65 169 7.5
65 89 2
65 83 4
65 66 2
65 74 2
65 87 2
65 72 2
65 71 2
65 135 6
65 81 2
65 67 2
65 84 2
65 90 2
65 76 4
65 64 2
65 97 7.5
65 75 2
65 77 2
65 88 2
65 35 8
65 63 2
65 241 6.5
65 53 5
65 69 2
65 78 2
65 70 2
65 79 2
65 73 2
65 80 2
241 201 8.5
241 250 2
241 202 7.5
241 247 1
241 249 2
241 248 2
241 244 2
241 243 2
241 242 2
241 245 2
241 65 6.5
233 219 2
233 222 2
260 265 1
260 261 3
260 262 2
260 264 1
212 203 1
287 274 2
287 276 2
199 197 2
199 200 2
199 167 6
199 96 9
199 203 2
199 168 6
199 198 2
199 207 3
199 210 3
199 209 3
199 208 2
199 211 3
199 205 3
199 276 6.5
199 213 2
199 206 3
199 214 3
89 62 2
89 63 2
89 64 2
89 65 2
89 66 2
118 94 2
118 97 2
85 67 1
2 1 6
2 131 2
123 94 2
123 96 2
123 97 2
123 164 5
123 98 2
86 66 1
21 7 2.5
21 5 7.5
21 6 4.5
87 63 2
87 65 2
288 277 4.5
288 276 2.5
288 275 2.5
280 277 3.5
280 274 2.5
280 276 2.5
280 275 2.5
252 251 2
252 254 2
252 275 5
252 253 2
252 257 1
252 256 3
252 277 6
252 4 2.5
252 296 6.5
135 136 2
135 143 2
135 96 5.5
135 142 2
135 145 2
135 141 3
135 146 2
135 139 2
135 137 3
135 138 2.5
135 66 6
135 148 1
135 144 2
135 262 6.5
135 65 6
111 94 3.5
111 46 7
111 96 3.5
111 97 3.5
111 76 6
111 164 6.5
111 141 7
111 98 4.5
75 62 3
75 64 2
75 63 2
75 65 2
75 66 2
46 35 5
46 36 5
46 82 13
46 111 7
46 37 5
133 134 12.5
133 301 4.5
133 302 2
246 242 1
247 241 1
220 165 5.5
220 309 2.5
220 224 2
220 251 8
220 315 2.5
220 311 2.5
220 229 2.5
220 231 2.5
220 225 2
220 36 4
220 223 2
220 168 7.5
220 232 2.5
220 304 2.5
220 157 4
220 227 2.5
220 305 2.5
220 230 1
220 235 2.5
220 310 2.5
220 234 2.5
220 221 2
220 217 2
220 219 2
220 228 2.5
220 226 3
220 314 2.5
175 166 3
175 165 2
175 167 3
175 168 3
175 176 2.5
213 197 2
213 199 2
213 198 3
221 220 2
221 219 2
221 198 4.5
221 218 2
221 222 2
128 153 1
200 199 2
200 202 4.5
200 203 2
200 242 9
200 137 12.5
200 138 12
200 198 4
294 292 4
294 293 2
27 7 3
27 5 8
27 3 3
27 4 3
27 26 2
27 6 2
155 3 1
56 53 2
56 54 2
56 41 1
99 5 8
99 94 4
99 6 2
67 62 2
67 63 2
67 85 1
67 269 5
67 66 2
67 72 2
67 81 3
67 69 2
67 64 2
67 79 2
67 65 2
67 80 2
124 96 3
124 97 3
124 164 2
124 98 3
289 277 4.5
289 276 2.5
289 275 2.5
68 98 1
76 62 2
76 63 3
76 97 8.5
76 64 3
76 65 4
76 111 6
76 66 3
76 115 6.5
77 62 3
77 64 2
77 63 2
77 65 2
77 66 2
88 62 2
88 63 2
88 64 2
88 65 2
88 66 2
281 277 3.5
281 274 2.5
281 275 2.5
281 276 2.5
159 158 5
159 129 2
47 35 2
47 36 2
47 37 2
132 92 6.5
132 131 4
132 129 3
177 166 2.5
177 170 2.5
218 309 2.5
218 224 2
218 238 2
218 167 7.5
218 225 2
218 235 2.5
218 310 2.5
218 170 3.5
218 236 1
218 311 2.5
218 305 2.5
218 227 2.5
218 314 2.5
218 229 2.5
218 231 2.5
218 315 2.5
218 304 2.5
218 232 2.5
218 228 2.5
218 223 2
218 156 4
218 217 3
218 221 2
218 234 2.5
218 222 2
222 224 3
222 223 2
222 233 2
222 30 2
222 219 2
222 221 2
222 218 2
197 199 2
197 202 3.5
197 204 1
197 198 2
197 165 6
197 136 12.5
197 207 2
197 274 7.5
197 208 2
197 209 2
197 210 2
197 211 2
197 205 2
197 213 2
197 206 2
197 214 2
201 267 2
201 241 8.5
201 198 6.5
297 295 3
297 298 2
297 296 3
202 197 3.5
202 200 4.5
202 267 2
202 203 3.5
202 241 7.5
202 198 5.5
119 94 2
119 97 2
24 7 3
24 3 3
24 4 3
24 26 2
24 6 2
90 62 2
90 63 2
90 64 2
90 65 2
90 66 2
4 7 2
4 10 3
4 96 4
4 23 3
4 15 3
4 16 3.5
4 17 3
4 27 3
4 252 2.5
4 24 3
4 12 3.5
4 13 3
4 14 3
4 22 1
4 5 8
4 25 2
4 9 3
4 26 3
4 6 2
4 8 3.5
120 94 3
120 96 2
120 97 3
120 164 3
120 98 3
93 94 3
93 96 3
93 97 3
93 164 2
93 98 2
180 181 3
180 169 2
180 168 2
178 166 2.5
178 165 2.5
178 167 2.5
178 168 2.5
45 35 2
45 36 2
45 37 2
181 168 3
181 169 3
181 180 3
248 242 2
248 241 2
243 242 2
243 241 2
36 184 4
36 96 5.5
36 42 2
36 237 1
36 37 2
36 39 2
36 40 2
36 44 2
36 166 6.5
36 46 5
36 35 2
36 34 2
36 47 2
36 63 8
36 32 2
36 220 4
36 45 2
36 31 2
36 33 2
36 185 3.5
223 224 2
223 173 9
223 29 1
223 220 2
223 219 2
223 37 4
223 222 2
223 218 2
191 192 2
191 130 2
234 220 2.5
234 219 2.5
234 218 2.5
224 223 2
224 30 2
224 220 2
224 226 2
224 218 2
224 222 3
173 166 2.5
173 165 2.5
173 167 2.5
173 168 2.5
173 223 9
203 199 2
203 200 2
203 202 3.5
203 164 11
203 212 1
203 98 9
203 219 8.5
203 198 2
225 28 1
225 219 2
225 220 2
225 218 2
146 136 2
146 135 2
282 277 4.5
282 274 2.5
282 276 2.5
282 275 2.5
97 240 2
97 254 7.5
97 54 13.5
97 109 2
97 122 3
97 107 3
97 98 2
97 104 2
97 66 7.5
97 117 2
97 124 3
97 110 2
97 64 5.5
97 76 8.5
97 65 7.5
97 112 3
97 114 3
97 101 2
97 115 3
97 6 4
97 7 7
97 96 2
97 116 3
97 103 3
97 164 4
97 108 3
97 118 2
97 106 2
97 123 2
97 119 2
97 111 3.5
97 93 3
97 120 3
97 136 5.5
97 94 2
97 63 5.5
97 12 7.5
97 105 4
97 95 2
97 5 12
97 113 2
97 100 3
97 70 7.5
97 102 2
97 121 2.5
51 1 2
51 50 2
283 277 3.5
283 274 2.5
283 276 2.5
283 275 2.5
187 186 2
187 184 3
187 188 4
187 35 2
187 185 3.5
187 190 4.5
214 197 2
214 199 3
214 198 3
261 295 2
261 260 3
261 263 3
261 262 2
261 66 3.5
313 309 3
313 315 4
313 304 3
313 305 3
313 310 3
313 306 2
313 314 3
144 136 2
144 135 2
144 142 2
144 96 9.5
144 137 4
144 138 2.5
290 277 3.5
290 274 2.5
290 276 2.5
290 275 2.5
136 197 12.5
136 143 2
136 142 2
136 145 2
136 141 3
136 146 2
136 139 2
136 137 3
136 147 1
136 138 2.5
136 140 2.5
136 149 1
136 135 2
136 144 2
136 97 5.5
284 277 2.5
284 274 3.5
284 276 2.5
284 275 2.5
94 109 3
94 122 3
94 107 3
94 98 2
94 137 5.5
94 104 2
94 138 5
94 66 5.5
94 99 4
94 110 2
94 97 2
94 112 4
94 101 3
94 114 3
94 115 3
94 7 4
94 96 2
94 116 3
94 103 3
94 164 4
94 108 3
94 118 2
94 123 2
94 119 2
94 111 3.5
94 93 3
94 120 3
94 35 5.5
94 105 3
94 5 10
94 95 3
94 113 2
94 100 3
94 102 2
94 121 2.5
315 313 4
315 308 3
315 220 2.5
315 219 2.5
315 307 3
315 218 2.5
196 194 3
196 193 7.5
5 7 9
5 251 8.5
5 23 8
5 3 8
5 15 8
5 11 8
5 17 8
5 16 7.5
5 27 8
5 99 8
5 21 7.5
5 20 10
5 194 7
5 97 12
5 4 8
5 94 10
5 12 7.5
5 13 9
5 14 9
5 25 8
5 9 9
5 8 7.5
5 6 9
91 92 2
91 271 5
91 157 3
91 131 4.5
100 94 3
100 96 3
100 97 3
100 164 2
100 98 2
262 135 6.5
262 295 3
262 261 2
262 260 2
262 263 2
184 188 2
184 186 3
184 96 7.5
184 187 3
184 36 4
184 189 2
184 190 2.5
184 37 3
161 165 2.5
161 152 9
161 171 2.5
179 166 3
179 165 2
179 167 3
179 168 3
235 220 2.5
235 219 2.5
235 218 2.5
277 278 3.5
277 279 3
277 198 8.5
277 280 3.5
277 288 4.5
277 252 6
277 289 4.5
277 282 4.5
277 64 12
277 290 3.5
277 286 3.5
277 273 6
277 285 3
277 281 3.5
277 284 2.5
277 283 3.5
277 291 4.5
277 215 2.5
277 276 3
314 313 3
314 312 2
314 308 2
314 220 2.5
314 219 2.5
314 307 3
314 218 2.5
129 159 2
129 130 2
129 132 3
285 277 3
285 274 3
285 276 3
285 275 3
267 201 2
267 202 2
267 268 2.5
267 48 2.5
267 269 3
267 270 2
267 172 7.5
267 64 6
57 53 2
57 54 2
28 225 1
304 313 3
304 312 2
304 308 2
304 219 2.5
304 220 2.5
304 218 2.5
304 307 3
29 223 1
268 267 2.5
268 63 5.5
268 49 2
268 269 2.5
268 198 4
268 270 2.5
30 224 2
30 222 2
269 67 5
269 267 3
269 268 2.5
55 53 2
55 54 2
185 188 3.5
185 186 4.5
185 96 9
185 187 3.5
185 36 3.5
185 189 4.5
185 37 3.5
185 190 7
271 272 2
271 91 5
69 62 3
69 67 2
69 64 2
69 63 2
69 65 2
69 66 2
162 165 3.5
162 154 7.5
162 153 9.5
163 154 9
163 165 2
163 171 2
238 239 3
238 218 2
239 238 3
239 219 2
164 203 11
164 96 4
164 109 3
164 122 2
164 116 2
164 3 6
164 103 2
164 108 2
164 107 2
164 137 6.5
164 104 3
164 123 5
164 186 8.5
164 110 3
164 124 2
164 97 4
164 111 6.5
164 120 3
164 93 2
164 62 7.5
164 94 4
164 105 2
164 95 3
164 112 2
164 113 3
164 100 2
164 114 2
164 101 3
164 115 4
164 121 2.5
164 102 3
176 166 2.5
176 165 2.5
176 175 2.5
176 167 2.5
176 168 2.5
176 174 2
49 268 2
49 48 3
219 309 2.5
219 239 2
219 225 2
219 203 8.5
219 235 2.5
219 310 2.5
219 311 2.5
219 227 2.5
219 305 2.5
219 306 3.5
219 314 2.5
219 35 4
219 315 2.5
219 231 2.5
219 229 2.5
219 304 2.5
219 232 2.5
219 220 2
219 228 2.5
219 253 6
219 223 2
219 233 2
219 234 2.5
219 221 2
219 222 2
198 201 6.5
198 199 2
198 197 2
198 200 4
198 202 5.5
198 203 2
198 169 6
198 277 8.5
198 207 3
198 268 4
198 210 3
198 209 3
198 275 7.5
198 211 3
198 205 3
198 213 3
198 206 3
198 221 4.5
198 214 3
305 313 3
305 312 2
305 308 2
305 219 2.5
305 220 2.5
305 218 2.5
305 307 3
306 313 2
306 312 2
306 308 2
306 219 3.5
306 307 2
286 277 3.5
286 274 2.5
286 276 2.5
286 275 2.5
34 35 2
34 43 2
34 36 2
34 115 7.5
12 5 7.5
12 7 2.5
12 3 2.5
12 97 7.5
12 4 3.5
12 26 3.5
12 6 2.5
301 133 4.5
301 274 7
301 302 2.5
105 94 3
105 96 3
105 97 4
105 164 2
105 98 3
140 136 2.5
140 137 2.5
140 138 2
257 252 1
8 7 2.5
8 5 7.5
8 3 2.5
8 4 3.5
8 26 2
8 6 3.5
134 133 12.5
134 276 2
167 166 2
167 199 6
167 173 2.5
167 179 3
167 168 2
167 176 2.5
167 171 2
167 174 2.5
167 178 2.5
167 165 2
167 175 3
167 218 7.5
192 151 2
192 158 2
192 191 2
160 131 1
38 37 1
273 274 5
273 277 6
273 275 5
273 276 5
273 13 6.5
302 303 2
302 133 2
302 295 8
302 266 2
302 296 6
302 301 2.5
58 53 2
58 54 2
303 266 5
303 274 7.5
303 302 2
274 197 7.5
274 287 2
274 278 2.5
274 254 5
274 193 3
274 279 3
274 280 2.5
274 282 2.5
274 290 2.5
274 273 5
274 286 2.5
274 285 3
274 303 7.5
274 281 2.5
274 284 3.5
274 283 2.5
274 291 2.5
274 301 7
274 293 2
274 276 2
275 278 2.5
275 193 5
275 279 3
275 198 7.5
275 280 2.5
275 288 2.5
275 252 5
275 289 2.5
275 282 2.5
275 64 11
275 290 2.5
275 286 2.5
275 273 5
275 285 3
275 281 2.5
275 283 2.5
275 284 2.5
275 291 2.5
275 215 2.5
275 276 2
13 5 9
13 7 2
13 3 2
13 4 3
13 273 6.5
13 26 2
13 6 2
101 94 3
101 96 3
101 97 2
101 164 3
101 98 2
168 166 2
168 199 6
168 167 2
168 173 2.5
168 179 3
168 169 2
168 176 2.5
168 220 7.5
168 180 2
168 178 2.5
168 174 2.5
168 66 11.5
168 181 3
168 172 2
168 175 3
165 163 2
165 197 6
165 182 2
165 161 2.5
165 183 2
165 179 2
165 173 2.5
165 167 2
165 176 2.5
165 171 2
165 66 8.5
165 172 2
165 166 2
165 35 6.5
165 220 5.5
165 178 2.5
165 174 2.5
165 175 2
165 156 4.5
165 162 3.5
227 220 2.5
227 219 2.5
227 218 2.5
259 254 1
291 277 4.5
291 274 2.5
291 276 2.5
291 275 2.5
59 53 2
59 54 2
14 7 2
14 5 9
14 3 2
14 4 3
14 26 2
14 6 2
95 94 3
95 96 2
95 97 2
95 164 3
95 98 2
156 165 4.5
156 154 4.5
156 157 2
156 218 4
156 153 2.5
308 309 2
308 315 3
308 311 3
308 304 2
308 305 2
308 310 2
308 314 2
308 306 2
70 62 3
70 63 2
70 97 7.5
70 64 2
70 65 2
70 66 2
190 186 3.5
190 184 2.5
190 33 4.5
190 185 7
190 187 4.5
130 191 2
130 129 2
9 7 2
9 5 9
9 3 2
9 4 3
9 26 2
9 6 3
272 92 2
272 271 2
92 272 2
92 151 2.5
92 91 2
92 132 6.5
151 92 2.5
151 152 3.5
151 192 2
151 50 5
151 153 2
151 127 1
240 96 4
240 97 2
152 151 3.5
152 161 9
169 181 3
169 172 2
169 170 2
169 166 2
169 168 2
169 65 7.5
169 171 2
169 198 6
169 180 2
193 7 7.5
193 195 8
193 194 9.5
193 274 3
193 276 3
193 275 5
193 6 7.5
193 196 7.5
170 172 2
170 169 2
170 171 2
170 177 2.5
170 218 3.5
186 184 3
186 188 3
186 185 4.5
186 187 2
186 164 8.5
186 98 6.5
186 190 3.5
231 220 2.5
231 219 2.5
231 218 2.5
207 199 3
207 197 2
207 198 3
208 197 2
208 199 2
228 220 2.5
228 219 2.5
228 218 2.5
205 197 2
205 199 3
205 198 3
112 94 4
112 96 4
112 164 2
112 97 3
112 98 3
278 277 3.5
278 274 2.5
278 276 2.5
278 275 2.5
10 7 2
10 3 2
10 4 3
10 26 2
10 6 2
15 7 2
15 5 8
15 3 2
15 4 3
15 26 2
15 6 2
141 136 3
141 135 3
141 111 7
141 137 4
141 138 3.5
171 165 2
171 170 2
171 172 2
171 163 2
171 182 2
171 161 2.5
171 183 2
171 167 2
171 169 2
41 56 1
172 165 2
172 170 2
172 267 7.5
172 168 2
172 169 2
172 171 2
298 297 2
298 295 2
298 296 2
263 261 3
263 262 2
39 35 2
39 36 2
39 37 2
209 199 3
209 197 2
209 198 3
53 57 2
53 52 2
53 60 2
53 54 3
53 295 5.5
53 126 1
53 63 8
53 59 2
53 55 2
53 66 5
53 56 2
53 65 5
53 58 2
22 4 1
253 251 2
253 252 2
253 3 2.5
253 276 5
253 255 4
253 219 6
253 6 5.5
113 94 2
113 96 2
113 97 2
113 164 3
113 98 3
276 199 6.5
276 287 2
276 278 2.5
276 134 2
276 193 3
276 279 3
276 288 2.5
276 280 2.5
276 289 2.5
276 194 8.5
276 282 2.5
276 277 3
276 290 2.5
276 273 5
276 286 2.5
276 285 3
276 281 2.5
276 283 2.5
276 284 2.5
276 274 2
276 291 2.5
276 275 2
276 293 2
276 216 2
276 253 5
276 255 3
78 62 2
78 64 3
78 63 2
78 65 2
78 66 2
73 62 3
73 63 2
73 64 2
73 65 2
73 66 2
102 94 2
102 96 2
102 97 2
102 164 3
102 98 2
182 165 2
182 171 2
254 251 2
254 252 2
254 97 7.5
254 274 5
254 259 1
254 255 4
254 6 2.5
183 165 2
183 171 2
52 53 2
52 54 2
299 244 13
299 295 2
266 303 5
266 302 2
139 136 2
139 135 2
139 137 3
139 138 2.5
71 62 3
71 64 2
71 63 2
71 65 2
71 66 2
42 35 2
42 36 2
42 37 2
244 242 2
244 299 13
244 241 2
226 224 2
226 108 15.5
226 220 3
188 186 3
188 184 2
188 185 3.5
188 187 4
60 53 2
60 54 2
229 220 2.5
229 219 2.5
229 218 2.5
292 295 6.5
292 294 4
293 294 2
293 274 2
293 276 2
31 35 2
31 36 2
31 37 2
1 2 6
1 51 2
114 94 3
114 96 3
114 97 3
114 164 2
114 98 2
79 62 2
79 67 2
79 64 2
79 63 2
79 65 2
79 66 2
309 313 3
309 312 2
309 308 2
309 219 2.5
309 220 2.5
309 218 2.5
309 307 3
204 197 1
143 136 2
143 135 2
143 61 1
143 137 4
143 138 2.5
23 7 2
23 5 8
23 3 2
23 4 3
23 26 2
23 6 2
96 240 4
96 184 7.5
96 109 3
96 122 3
96 107 3
96 98 2
96 104 2
96 117 2
96 124 3
96 110 2
96 97 2
96 185 9
96 112 4
96 114 3
96 101 3
96 115 3
96 199 9
96 116 3
96 103 3
96 164 4
96 108 3
96 106 2
96 123 2
96 135 5.5
96 144 9.5
96 4 4
96 111 3.5
96 93 3
96 120 2
96 94 2
96 105 3
96 95 2
96 113 2
96 100 3
96 36 5.5
96 102 2
96 121 2.5
142 136 2
142 135 2
142 144 2
142 137 4
142 138 3.5
103 94 3
103 96 3
103 97 3
103 164 2
103 98 2
16 7 2.5
16 5 7.5
16 3 2.5
16 4 3.5
16 26 2
16 6 3.5
106 96 2
106 97 2
106 108 5
270 267 2
270 268 2.5
195 194 2.5
195 193 8
245 242 2
245 241 2
40 35 2
40 36 2
40 37 2
44 35 2
44 36 2
44 37 2
264 260 1
166 167 2
166 173 2.5
166 179 3
166 157 4.5
166 168 2
166 169 2
166 63 8.5
166 176 2.5
166 178 2.5
166 177 2.5
166 174 3.5
166 165 2
166 175 3
166 36 6.5
62 164 7.5
62 89 2
62 98 5.5
62 66 2
62 71 3
62 72 2
62 67 2
62 81 2
62 90 2
62 76 2
62 64 2
62 75 3
62 77 3
62 88 2
62 63 2
62 69 3
62 79 2
62 78 2
62 70 3
62 73 3
62 80 2
125 54 1
210 199 3
210 197 2
210 198 3
48 267 2.5
48 49 3
32 35 2
32 36 2
32 37 2
127 151 1
147 136 1
148 135 1
258 251 4
258 255 2
33 35 2
33 36 2
33 37 2
33 190 4.5
149 136 1
25 5 8
25 7 2
25 3 2
25 4 2
25 26 2
25 6 2
255 251 4
255 254 4
255 253 4
255 258 2
255 276 3
121 94 2.5
121 96 2.5
121 97 2.5
121 164 2.5
121 98 3.5
80 62 2
80 67 2
80 64 2
80 63 2
80 65 2
80 66 2
-1
