108
100 19 2
100 15 3
34 35 1
34 2 2
34 77 2
35 34 1
105 81 1
7 78 1
106 75 1
50 61 1
102 3 1
11 52 1
71 2 1
87 19 2
87 15 3
12 92 1
74 92 1
13 52 1
97 93 1
67 2 1
70 92 1
39 92 1
26 32 2.5
26 29 2.5
26 31 3.5
26 53 2
26 30 2.5
26 28 2
68 2 1
27 32 2
27 30 2
69 2 1
57 55 2
57 54 2
57 58 2
57 51 2
57 56 2
57 52 4
57 62 4
57 53 2
58 55 2
58 54 2
58 57 2
58 51 2
58 56 2
58 52 4
58 53 2
58 62 4
86 2 1
83 2 1
84 2 1
18 16 2.5
18 95 2.5
18 17 3.5
18 19 3.5
18 20 2
108 92 1
98 92 1
40 41 2
40 44 1
40 51 7
40 101 1
41 40 2
41 52 2
41 28 2
61 50 1
75 76 2
75 106 1
75 79 2
85 92 1
104 52 1
103 92 1
42 78 1
8 52 1
107 2 1
9 2 1
88 51 1
94 95 4
94 93 2
28 41 2
28 30 3.5
28 26 2
76 80 3
76 81 3
76 75 2
76 78 2
76 79 2
76 1 2
29 26 2.5
29 30 2
91 95 4
91 93 2
62 54 3
62 95 2
62 55 3
62 57 4
62 58 4
62 56 3
62 53 2
62 63 4
14 16 1
14 89 1
23 15 1
30 27 2
30 32 4
30 29 2
30 31 2
30 95 2.5
30 26 2.5
30 28 3.5
15 100 3
15 49 2
15 48 3
15 99 3
15 47 3
15 24 5
15 16 2
15 87 3
15 23 1
49 19 3
49 15 2
64 51 1
33 92 1
59 53 1
22 77 1
37 52 1
19 100 2
19 49 3
19 48 2
19 99 2
19 18 3.5
19 47 2
19 24 2
19 87 2
90 21 1
20 16 4.5
20 18 2
10 92 1
92 33 1
92 108 1
92 98 1
92 93 4
92 10 1
92 85 1
92 12 1
92 103 1
92 95 2
92 74 1
92 65 1
92 39 1
92 70 1
92 46 1
92 36 1
92 72 1
92 73 1
92 25 1
95 92 2
95 96 1
95 18 2.5
95 94 4
95 93 2
95 91 4
95 62 2
95 30 2.5
96 95 1
82 2 1
44 40 1
77 34 2
77 22 1
77 43 1
77 79 2
78 42 1
78 76 2
78 7 1
78 38 1
78 79 2
38 78 1
47 19 2
47 15 3
79 76 2
79 80 2
79 81 2
79 77 2
79 75 2
79 4 2
79 78 2
1 76 2
1 5 2
1 53 5
1 4 2
1 6 2
16 93 2
16 17 2
16 18 2.5
16 14 1
16 15 2
16 20 4.5
31 30 2
31 26 3.5
36 92 1
80 76 3
80 79 2
81 76 3
81 105 1
81 79 2
51 40 7
51 57 2
51 64 1
51 58 2
51 88 1
51 53 2
2 34 2
2 83 1
2 86 1
2 84 1
2 107 1
2 9 1
2 82 1
2 67 1
2 68 1
2 69 1
2 71 1
2 4 2
17 16 2
17 18 3.5
72 92 1
52 66 1
52 104 1
52 8 1
52 13 1
52 37 1
52 11 1
52 41 2
52 57 4
52 58 4
52 53 2
3 4 1
3 102 1
73 92 1
53 54 3
53 60 1
53 59 1
53 26 2
53 1 5
53 55 3
53 57 2
53 58 2
53 51 2
53 56 2
53 52 2
53 62 2
53 63 4
4 5 2
4 2 2
4 3 1
4 6 2
4 79 2
4 1 2
4 63 2
25 92 1
45 46 1
54 57 2
54 58 2
54 53 3
54 62 3
48 19 2
48 15 3
99 19 2
99 15 3
21 90 1
24 19 2
24 15 5
93 16 2
93 92 4
93 95 2
93 91 2
93 97 1
93 94 2
93 63 2
89 14 1
66 52 1
60 53 1
101 40 1
65 92 1
55 57 2
55 58 2
55 53 3
55 62 3
46 92 1
46 45 1
32 27 2
32 26 2.5
32 30 4
5 4 2
5 1 2
56 57 2
56 58 2
56 53 2
56 62 3
43 77 1
6 4 2
6 1 2
63 93 2
63 53 4
63 4 2
63 62 4
-1
