87
51 54 5
51 66 2
51 1 7.5
51 12 7
51 48 12
51 13 6
51 56 3
51 68 7.5
51 52 2
51 53 5
20 57 2
20 75 2
20 22 2
20 25 2
20 26 3
66 51 2
66 67 5
66 49 7.5
66 50 7.5
64 65 6.5
64 45 2
64 30 2
65 64 6.5
65 10 16
65 84 11
65 87 7.5
65 29 9.5
65 63 7
65 83 14.5
16 19 3
16 17 4
16 68 2
16 18 3
17 19 2
17 16 4
17 1 2
17 18 2
52 51 2
52 12 5
52 55 5
52 50 4.5
29 28 6
29 35 4.5
29 32 5
29 44 1
29 65 9.5
29 45 4
29 27 7.5
29 30 2
34 31 3.5
34 35 10
34 32 6.5
34 33 2.5
34 63 2
34 41 4.5
34 42 5
34 43 5.5
34 69 2.5
53 57 10
53 54 2
53 51 5
53 55 2
30 28 8
30 64 2
30 45 2
30 27 9.5
30 29 2
18 16 3
18 17 2
18 6 2
54 51 5
54 12 2
54 13 2
54 53 2
54 50 7.5
19 16 3
19 17 2
19 6 2
57 20 2
57 21 1
57 22 2
57 25 4
57 23 1
57 27 4.5
57 53 10
72 62 1
8 28 2.5
8 9 2
8 10 2
8 11 7
9 10 3
9 76 9
9 70 2
9 8 2
10 9 3
10 65 16
10 8 2
21 57 1
36 61 2
36 43 2.5
36 68 2
36 41 2.5
67 66 5
67 68 4.5
22 57 2
22 20 2
23 57 1
55 48 6
55 12 2
55 13 2
55 52 5
55 53 2
56 48 11
56 51 3
56 13 4
56 49 7.5
56 50 7.5
27 28 2.5
27 57 4.5
27 1 2
27 29 7.5
27 30 9.5
77 78 2
77 76 2.5
77 25 5
78 75 2
78 24 6
78 77 2
28 33 2
28 27 2.5
28 29 6
28 30 8
28 8 2.5
79 25 2
79 26 2
75 78 2
75 20 2
75 76 2.5
2 3 2
2 74 2
76 9 9
76 75 2.5
76 77 2.5
3 2 2
3 74 4
37 61 2.5
37 42 2.5
37 68 2.5
37 41 2
70 9 2
70 14 1
70 15 1
70 71 2
38 43 2
38 68 8.5
39 43 2
39 68 5.5
71 80 4
71 70 2
71 81 5
40 68 1
41 60 2.5
41 37 2
41 36 2.5
41 34 4.5
41 58 2
41 59 3
12 54 2
12 51 7
12 55 2
12 52 5
44 29 1
42 60 2
42 37 2.5
42 34 5
13 54 2
13 51 6
13 55 2
13 56 4
13 47 5
43 36 2.5
43 38 2
43 39 2
43 34 5.5
43 58 2
43 59 2
14 70 1
15 70 1
80 84 3
80 82 2
80 71 4
80 83 6.5
1 51 7.5
1 17 2
1 33 2.5
1 73 2
1 27 2
1 49 3
1 50 2
74 2 2
74 3 4
74 73 2
74 5 2
81 85 2
81 71 5
82 84 2
82 85 2
82 80 2
82 63 2
82 83 5.5
83 65 14.5
83 11 9.5
83 87 8
83 85 4.5
83 80 6.5
83 82 5.5
63 65 7
63 34 2
63 82 2
84 65 11
84 85 2
84 80 3
84 82 2
58 43 2
58 41 2
59 43 2
59 7 1
59 41 3
60 42 2
60 41 2.5
35 31 6.5
35 33 8.5
35 29 4.5
35 34 10
73 1 2
73 74 2
45 64 2
45 46 1
45 29 4
45 30 2
24 78 6
24 25 2
46 86 1
46 45 1
25 57 4
25 20 2
25 79 2
25 24 2
25 77 5
26 20 3
26 79 2
11 87 2.5
11 8 7
11 83 9.5
85 84 2
85 81 2
85 82 2
85 83 4.5
61 62 1
61 37 2.5
61 36 2
86 46 1
62 61 1
62 72 1
87 65 7.5
87 11 2.5
87 83 8
31 35 6.5
31 32 6
31 33 2
31 34 3.5
32 31 6
32 33 7
32 29 5
32 34 6.5
33 28 2
33 31 2
33 35 8.5
33 1 2.5
33 32 7
33 34 2.5
47 48 2
47 13 5
48 51 12
48 55 6
48 56 11
48 49 7.5
48 47 2
48 69 2
7 59 1
4 69 1
68 51 7.5
68 37 2.5
68 38 8.5
68 39 5.5
68 40 1
68 16 2
68 36 2
68 67 4.5
68 49 2
68 69 2.5
68 50 3
5 74 2
5 6 2
49 48 7.5
49 66 7.5
49 56 7.5
49 68 2
49 1 3
6 19 2
6 5 2
6 18 2
69 48 2
69 4 1
69 68 2.5
69 34 2.5
50 54 7.5
50 66 7.5
50 56 7.5
50 68 3
50 1 2
50 52 4.5
-1
